%YAML:1.0
cameraMatrix: !!opencv-matrix
   rows: 3
   cols: 3
   dt: d
   data: [ 6.2390426770938177e+02, 0., 3.0843807349990436e+02, 0.,
       6.2270224676888790e+02, 2.4827657924839374e+02, 0., 0., 1. ]
distCoeffs: !!opencv-matrix
   rows: 1
   cols: 5
   dt: d
   data: [ 2.1913642341144660e-01, -2.4563784723591733e-01,
       9.7497075292148089e-03, 3.1193536460771393e-03,
       -1.0489211265263052e+00 ]
