%YAML:1.0
cameraMatrix: !!opencv-matrix
   rows: 3
   cols: 3
   dt: d
   data: [ 6.2097051954584242e+02, 0., 3.2678865756883266e+02, 0.,
       6.2051568951221384e+02, 2.5028503004198217e+02, 0., 0., 1. ]
distCoeffs: !!opencv-matrix
   rows: 1
   cols: 5
   dt: d
   data: [ 1.8336286266830845e-01, 7.4771090318643318e-02,
       1.2172062290418883e-02, 1.6110539402401067e-02,
       -1.2690754888617348e+00 ]
